version https://git-lfs.github.com/spec/v1
oid sha256:474fc15a9ffdece8bbfefd56d120cc269adf72b969079f4d9f90fc3fe30f3e1c
size 2858098
